0.00909	0	0	0
0.00935	0	0	0
0.00961	0	0	0
0.00977	0	0	0
0.00996	0	0	0
0.0102	0	0	0
0.01038	0	0	0
0.01056	0	0	0
0.01077	0	0	0
0.01104	0	0	0
0.0114	0	0	0
0.01178	0	0	0
0.01213	0	0	0
0.01248	0	0	0
0.01271	0	0	0
0.01284	0	0	0
0.01305	0	0	0
0.01324	0	0	0
0.01339	0	0	0
0.01366	0	0	0
0.01398	0	0	0
0.01433	0	0	0
0.01472	0	0	0
0.0151	0	0	0
0.01552	0	0	0
0.01588	0	0	0
0.0162	0	0	0
0.0166	0	0	0
0.01703	0	0	0
0.01734	0	0	0
0.01768	0	0	0
0.01802	0	0	0
0.01817	0	0	0
0.01861	0	0	0
0.0191	0	0	0
0.01939	0	0	0
0.01984	0	0	0
0.02018	0	0	0
0.0205	0	0	0
0.02105	0	0	0
0.02162	0	0	0
0.02198	0	0	0
0.0223	0	0	0
0.02268	0	0	0
0.023	0	0	0
0.0234	0	0	0
0.024	0	0	0
0.02465	0	0	0
0.02524	0	0	0
0.02568	0	0	0
0.026	0	0	0
0.0264	0	0	0
0.02685	0	0	0
0.02735	0	0	0
0.02785	0	0	0
0.0284	0	0	0
0.029	0	0	0
0.0296	0	0	0
0.0301	0	0	0
0.0308	0	0	0
0.0318	0	0	0
0.0328	0	0	0
0.0338	0	0	0
0.0348	0	0	0
0.0357	0	0	0
0.0366	0	0	0
0.0375	0	0	0
0.0385	0	0	8.19E-32
0.0395	0	0	5.62E-31
0.0405	0	0	3.49E-30
0.0414	0	0	1.67E-29
0.0422	0	0	6.34E-29
0.043	0	0	2.28E-28
0.0441	0	0	1.23E-27
0.0451	0	0	5.25E-27
0.046	0	0	1.84E-26
0.047	0	0	6.97E-26
0.048	0	0	2.49E-25
0.049	0	0	8.44E-25
0.05	0	0	2.71E-24
0.0506	0	0	7.08E-24
0.0512	0	0	1.54E-23
0.052	0	0	3.62E-23
0.053	0	0	1.02E-22
0.054	0	0	2.71E-22
0.055	0	0	7.02E-22
0.056	0	0	1.75E-21
0.057	0	0	4.19E-21
0.058	0	0	9.65E-21
0.059	0	0	2.20E-20
0.06	0	0	4.82E-20
0.061	0	0	1.03E-19
0.062	0	0	2.14E-19
0.063	0	0	4.33E-19
0.064	0	0	8.57E-19
0.065	0	0	1.66E-18
0.0658	0	0	2.77E-18
0.0665	0	0	4.28E-18
0.0675	0	0	7.87E-18
0.0685	0	0	1.42E-17
0.0695	0	0	2.51E-17
0.0705	0	0	4.35E-17
0.0716	0	0	7.87E-17
0.0726	0	0	1.32E-16
0.0735	0	0	2.08E-16
0.0745	0	0	3.39E-16
0.0755	0	0	5.46E-16
0.0765	0	0	8.68E-16
0.0775	0	0	1.36E-15
0.0785	0	0	2.11E-15
0.0795	0	0	3.19E-15
0.0805	0	0	4.85E-15
0.0815	0	0	7.28E-15
0.0825	0	0	1.08E-14
0.0835	0	0	1.58E-14
0.0845	0	0	2.29E-14
0.0855	0	0	3.28E-14
0.0865	0	0	4.67E-14
0.0875	0	0	6.57E-14
0.0885	0	0	9.20E-14
0.0895	0	0	1.28E-13
0.0905	0	0	1.75E-13
0.0915	0	0	2.26E-10
0.0925	0	0	7.56E-10
0.0935	0	0	1.05E-09
0.0945	0	0	1.46E-09
0.0955	0	0	2.09E-09
0.0965	0	0	2.87E-09
0.0975	0	0	3.87E-09
0.0985	0	0	5.22E-09
0.0995	0	0	6.97E-09
0.1005	0	0	9.50E-09
0.1015	0	0	1.26E-08
0.1025	0	0	1.62E-08
0.1035	0	0	2.16E-08
0.1045	0	0	2.82E-08
0.1055	0	0	3.65E-08
0.1065	0	0	4.70E-08
0.1075	0	0	6.04E-08
0.1085	0	0	7.72E-08
0.1095	0	0	9.78E-08
0.1105	0	0	2.28E-07
0.1115	0	0	7.14E-07
0.1125	0	0	1.08E-06
0.1135	0	0	1.59E-06
0.1145	0	0	2.09E-06
0.1155	0	0	2.39E-06
0.1165	0	0	3.33E-06
0.1175	0	0	4.10E-06
0.1185	0	0	4.48E-06
0.1195	0	0	2.73E-06
0.1205	0	0	2.69E-06
0.1215	0	0	1.18E-06
0.1225	0	0	3.42E-06
0.1235	0	0	7.78E-06
0.1245	0	0	1.67E-05
0.1255	0	0	3.38E-05
0.1265	0	0	3.48E-05
0.1275	0	0	5.16E-05
0.1285	0	0	7.14E-05
0.1295	0	0	8.81E-05
0.1305	0	0	8.40E-05
0.1315	0	0	0.00011915
0.1325	0	0	0.00014132
0.1335	0	0	0.0001619
0.1345	0	0	0.00019574
0.1355	0	0	0.00021217
0.1365	0	0	0.00024465
0.1375	0	0	0.00026962
0.1385	0	0	0.00029647
0.1395	0	0	0.00034373
0.1405	0	0	0.00039527
0.1415	0	0	0.00043067
0.1425	0	0	0.0004819
0.1435	0	0	0.00051785
0.1442	0	0	0.00061242
0.1447	0	0	0.00062715
0.1455	0	0	0.00070818
0.1465	0	0	0.00076027
0.1475	0	0	0.00083684
0.1485	0	0	0.00094163
0.1495	0	0	0.0011043
0.1505	0	0	0.0012546
0.1512	0	0	0.0012584
0.1517	0	0	0.0013984
0.1525	0	0	0.0016321
0.1535	0	0	0.0030762
0.1545	0	0	0.0042262
0.1555	0	0	0.0048619
0.1565	0	0	0.0046594
0.1575	0	0	0.0065035
0.1585	0	0	0.0073642
0.1595	0	0	0.0087257
0.1605	0	0	0.0089177
0.1615	0	0	0.009558
0.1625	0	0	0.010029
0.1635	0	0	0.012803
0.1645	0	0	0.016116
0.1655	0	0	0.011292
0.1665	0	0	0.018886
0.1672	0	0	0.013016
0.1677	0	0	0.02235
0.1685	0	0	0.037443
0.1695	0	0	0.050707
0.1705	0	0	0.11888
0.1715	0	0	0.32012
0.1725	0	0	0.41403
0.1735	0	0	0.59983
0.1745	0	0	0.55349
0.1755	0	0	0.83059
0.1765	0	0	0.47714
0.1775	0	0	0.75731
0.1785	0	0	0.80038
0.1795	0	0	1.2559
0.1805	0	0	0.84692
0.1815	0	0	0.95148
0.1825	0	0	0.85885
0.1835	0	0	0.86736
0.1845	0	0	0.66602
0.1855	0	0	0.97811
0.1865	0	0	1.3712
0.1875	0	0	1.2375
0.1885	0	0	1.343
0.1895	0	0	1.5468
0.1905	0	0	1.415
0.1915	0	0	1.5409
0.1925	0	0	1.2591
0.1935	0	0	0.55268
0.1945	0	0	1.6994
0.1955	0	0	1.8565
0.1967	0	0	2.2044
0.1976	0	0	2.049
0.1984	0	0	1.9164
0.1995	0	0	2.0377
0.2005	0	0	1.8868
0.2015	0	0	1.8803
0.2025	0	0	1.6581
0.2035	0	0	2.2554
0.2045	0	0	2.5436
0.2055	0	0	2.3451
0.2065	0	0	2.2247
0.2074	0	0	2.6957
0.2078	0	0	3.7068
0.2085	0	0	3.4861
0.2095	0	0	3.2856
0.2105	0	0	3.3768
0.2115	0	0	3.8735
0.2125	0	0	3.7547
0.2135	0	0	3.1243
0.2145	0	0	4.0724
0.2155	0	0	4.2033
0.2165	0	0	3.7705
0.2175	0	0	3.8698
0.2185	0	0	4.4683
0.2195	0	0	4.8565
0.2205	0	0	4.5721
0.2215	0	0	3.6333
0.2225	0	0	3.7844
0.2235	0	0	4.9672
0.2245	0	0	4.5967
0.2255	0	0	3.6626
0.2265	0	0	3.7144
0.2275	0	0	4.3725
0.2285	0	0	4.9831
0.2295	0	0	4.2501
0.2305	0	0	4.9143
0.2315	0	0	4.5381
0.2325	0	0	4.419
0.2335	0	0	3.0912
0.2345	0	0	2.0617
0.2355	0	0	4.0901
0.2365	0	0	2.2726
0.2375	0	0	3.2098
0.2385	0	0	1.669
0.2395	0	0	2.3115
0.2405	0	0	2.3011
0.2415	0	0	2.7714
0.2425	0	0	4.617
0.2435	0	0	4.5308
0.2445	0	0	5.3335
0.2455	0	0	5.5078
0.2465	0	0	5.2279
0.2475	0	0	4.6571
0.2485	0	0	4.1975
0.2495	0	0	4.1622
0.2505	0	0	6.0951
0.2513	0	0	3.9585
0.2518	0	0	3.7145
0.2525	0	0	3.0801
0.2535	0	0	2.8493
0.2545	0	0	3.1236
0.2555	0	0	4.702
0.2565	0	0	4.2163
0.2575	0	0	5.3974
0.2585	0	0	5.1601
0.2595	0	0	4.8447
0.2605	0	0	4.215
0.2615	0	0	3.8021
0.2625	0	0	5.4176
0.2635	0	0	7.1298
0.2645	0	0	9.6895
0.2655	0	0	11.031
0.2665	0	0	7.9785
0.2675	0	0	9.3174
0.2685	0	0	9.6574
0.2695	0	0	8.1935
0.2705	0	0	9.4798
0.2715	0	0	7.8048
0.2725	0	0	7.8902
0.2735	0	0	8.8748
0.2745	0	0	4.9962
0.2755	0	0	6.3375
0.2765	0	0	7.6798
0.2775	0	0	9.3191
0.2785	0	0	6.4924
0.2795	0	0	2.1175
0.2805	0	0	2.9073
0.2815	0	0	9.33
0.2825	0	0	12.334
0.2835	0	0	11.64
0.2845	0	0	10.894
0.2855	0	0	7.9162
0.2865	0	0	12.162
0.2875	0	0	12.465
0.2885	0	0	12.124
0.2895	0	0	11.941
0.291	0	0	15.145
0.293	0	0	14.043
0.295	0	0	14.018
0.297	0	0	15.593
0.299	0	0	15.717
0.301	0	0	16.745
0.303	0	0	16.739
0.305	0	0	17.219
0.307	0	0	17.773
0.309	0	0	18.575
0.311	0	0	18.306
0.313	0	0	18.325
0.315	0	0	18.959
0.317	0	0	19.396
0.319	0	0	17.861
0.321	0	0	19.316
0.323	0	0	17.544
0.325	0	0	19.874
0.327	0	0	21.515
0.329	0	0	21.539
0.331	0	0	22.456
0.333	0	0	22.312
0.335	0	0	22.254
0.337	0	0	21.479
0.339	0	0	22.533
0.341	0	0	22.751
0.343	0	0	23.231
0.345	0	0	23.833
0.347	0	0	23.809
0.349	0	0	24.372
0.351	0	0	25.302
0.353	0	0	24.865
0.355	0	0	27.177
0.357	0	0	24.848
0.359	0	0	24.876
0.361	0	0	25.643
0.363	0	0	26.129
0.364	0	0	26.016
0.365	0	0	28.508
0.367	0	0	28.279
0.369	0	0	27.643
0.371	0	0	29.243
0.373	0	0	28.999
0.375	0	0	34.036
0.377	0	0	37.084
0.379	0	0	42.705
0.381	0	0	48.256
0.383	0	0	38.987
0.385	0	0	51.827
0.387	0	0	56.111
0.389	0	0	41.542
0.391	0	0	56.109
0.393	0	0	39.141
0.395	0	0	54.403
0.397	0	0	35.455
0.399	0	0	60.131
0.401	0	0	65.067
0.403	0	0	65.605
0.405	0	0	65.073
0.407	0	0	64.429
0.409	0	0	60.465
0.411	0	0	51.44
0.413	0	0	66.627
0.415	0	0	70.12
0.417	0	0	69.928
0.419	0	0	70.015
0.421	0	0	70.587
0.423	0	0	68.899
0.425	0	0	71.132
0.427	0	0	69.575
0.429	0	0	69.078
0.431	0	0	64.462
0.433	0	0	61.911
0.435	0	0	55.574
0.437	0	0	73.164
0.439	0	0	72.738
0.441	0	0	72.97
0.443	0	0	72.952
0.445	0	0	73.997
0.447	0	0	75.357
0.449	0	0	75.557
0.451	0	0	79.762
0.453	0	0	75.713
0.455	0	0	76.498
0.457	0	0	80.391
0.459	0	0	77.381
0.461	0	0	79.65
0.463	0	0	78.497
0.465	0	0	79.747
0.467	0	0	81.192
0.469	0	0	79.231
0.471	0	0	76.797
0.473	0	0	81.148
0.475	0	0	81.961
0.477	0	0	81.673
0.479	0	0	81.722
0.481	0	0	81.281
0.483	0	0	80.501
0.485	0	0	70.063
0.487	0	0	59.05
0.489	0	0	78.23
0.491	0	0	80.411
0.493	0	0	79.853
0.495	0	0	82.407
0.497	0	0	83.623
0.499	0	0	80.079
0.501	0	0	78.004
0.503	0	0	81.79
0.505	0	0	81.344
0.507	0	0	83.881
0.509	0	0	82.674
0.511	0	0	83.687
0.513	0	0	82.443
0.515	0	0	81.135
0.517	0	0	79.911
0.519	0	0	79.633
0.521	0	0	81.454
0.523	0	0	82.27
0.525	0	0	84.125
0.527	0	0	78.25
0.529	0	0	83.702
0.531	0	0	84.376
0.533	0	0	80.594
0.535	0	0	84.261
0.537	0	0	84.251
0.539	0	0	84.073
0.541	0	0	82.503
0.543	0	0	84.261
0.545	0	0	85.543
0.547	0	0	84.925
0.549	0	0	84.961
0.551	0	0	85.329
0.553	0	0	85.44
0.555	0	0	86.315
0.557	0	0	85.172
0.559	0	0	84.744
0.561	0	0	85.744
0.563	0	0	86.533
0.565	0	0	86.262
0.567	0	0	85.267
0.569	0	0	86.274
0.571	0	0	85.886
0.573	0	0	88.266
0.575	0	0	87.001
0.577	0	0	87.608
0.579	0	0	87.006
0.581	0	0	87.655
0.583	0	0	88.165
0.585	0	0	87.393
0.587	0	0	87.656
0.589	0	0	85.749
0.591	0	0	87.642
0.593	0	0	87.602
0.595	0	0	87.85
0.597	0	0	87.946
0.599	0	0	87.54
0.601	0	0	86.922
0.603	0	0	87.148
0.605	0	0	87.879
0.607	0	0	88.205
0.609	0	0	87.5
0.611	0	0	87.039
0.613	0	0	85.679
0.615	0	0	85.556
0.617	0	0	85.162
0.619	0	0	87.471
0.621	0	0	87.716
0.623	0	0	86.719
0.625	0	0	84.836
0.627	0	0	87.618
0.629	0	0	87.738
0.631	0	0	86.362
0.633	0	0	86.743
0.635	0	0	86.564
0.637	0	0	86.603
0.639	0	0	87.148
0.641	0	0	86.04
0.643	0	0	86.692
0.645	0	0	85.904
0.647	0	0	86.321
0.649	0	0	85.335
0.651	0	0	86.097
0.653	0	0	85.146
0.655	0	0	78.46
0.657	0	0	65.634
0.659	0	0	83.16
0.661	0	0	86.032
0.663	0	0	86.553
0.665	0	0	86.708
0.667	0	0	86.365
0.669	0	0	87.071
0.671	0	0	86.654
0.673	0	0	86.92
0.675	0	0	86.172
0.677	0	0	86.811
0.679	0	0	86.684
0.681	0	0	86.551
0.683	0	0	86.542
0.685	0	0	86.073
0.687	0	0	86.51
0.689	0	0	86.553
0.691	0	0	86.394
0.693	0	0	86.294
0.695	0	0	86.256
0.697	0	0	86.214
0.699	0	0	86.302
0.701	0	0	85.023
0.703	0	0	85.714
0.705	0	0	85.996
0.707	0	0	85.86
0.709	0	0	85.788
0.711	0	0	84.658
0.713	0	0	85.135
0.715	0	0	85.116
0.717	0	0	84.879
0.719	0	0	84.277
0.721	0	0	84.818
0.723	0	0	84.781
0.725	0	0	84.813
0.727	0	0	85.135
0.729	0	0	84.128
0.731	0	0	84.664
0.733	0	0	84.606
0.735	0	0	84.918
0.737	0	0	84.929
0.739	0	0	84.025
0.741	0	0	83.337
0.743	0	0	83.634
0.745	0	0	83.854
0.747	0	0	83.84
0.749	0	0	83.744
0.751	0	0	84.035
0.753	0	0	84.09
0.755	0	0	84.379
0.757	0	0	83.951
0.759	0	0	83.995
0.761	0	0	83.795
0.763	0	0	83.913
0.765	0	0	83.703
0.767	0	0	82.752
0.769	0	0	83.267
0.771	0	0	83.123
0.773	0	0	83.388
0.775	0	0	82.87
0.777	0	0	82.091
0.779	0	0	83.466
0.781	0	0	83.192
0.783	0	0	82.648
0.785	0	0	82.481
0.787	0	0	82.79
0.789	0	0	82.632
0.791	0	0	82.339
0.793	0	0	81.551
0.795	0	0	81.831
0.797	0	0	82.667
0.799	0	0	82.32
0.801	0	0	82.153
0.803	0	0	81.955
0.805	0	0	81.896
0.807	0	0	82.068
0.809	0	0	81.612
0.811	0	0	82.053
0.813	0	0	82.164
0.815	0	0	81.96
0.817	0	0	81.862
0.819	0	0	80.326
0.821	0	0	80.607
0.823	0	0	80.548
0.825	0	0	80.685
0.827	0	0	81.523
0.829	0	0	81.326
0.831	0	0	80.722
0.833	0	0	80.051
0.835	0	0	80.785
0.837	0	0	81.007
0.839	0	0	80.378
0.841	0	0	80.771
0.843	0	0	80.238
0.845	0	0	79.41
0.847	0	0	79.557
0.849	0	0	79.723
0.851	0	0	76.308
0.853	0	0	79.566
0.855	0	0	70.175
0.857	0	0	80.783
0.859	0	0	78.272
0.861	0	0	77.411
0.863	0	0	80.822
0.865	0	0	79.483
0.867	0	0	68.411
0.869	0	0	78.741
0.871	0	0	81.053
0.873	0	0	79.912
0.875	0	0	71.359
0.877	0	0	79.002
0.879	0	0	81.1
0.881	0	0	80.899
0.883	0	0	80.108
0.885	0	0	76.893
0.887	0	0	69.965
0.889	0	0	79.543
0.891	0	0	80.938
0.893	0	0	80.648
0.895	0	0	81.321
0.897	0	0	80.847
0.899	0	0	79.626
0.901	0	0	69.643
0.903	0	0	75.025
0.905	0	0	80.146
0.907	0	0	79.267
0.909	0	0	78.137
0.911	0	0	79.876
0.913	0	0	80.921
0.915	0	0	80.962
0.917	0	0	80.522
0.919	0	0	79.912
0.921	0	0	76.751
0.923	0	0	66.378
0.925	0	0	75.268
0.927	0	0	78.1
0.929	0	0	79.995
0.931	0	0	80.28
0.933	0	0	80.105
0.935	0	0	80.194
0.937	0	0	80.233
0.939	0	0	79.866
0.941	0	0	77.034
0.943	0	0	79.041
0.945	0	0	78.881
0.947	0	0	79.439
0.949	0	0	79.237
0.951	0	0	78.177
0.953	0	0	75.228
0.955	0	0	65.425
0.957	0	0	75.619
0.959	0	0	78.017
0.961	0	0	77.83
0.963	0	0	77.394
0.965	0	0	78.065
0.967	0	0	77.389
0.969	0	0	77.644
0.971	0	0	78.515
0.973	0	0	78.418
0.975	0	0	77.593
0.977	0	0	78.123
0.979	0	0	77.978
0.981	0	0	78.043
0.983	0	0	77.838
0.985	0	0	77.481
0.987	0	0	77.255
0.989	0	0	76.862
0.991	0	0	76.751
0.993	0	0	77.211
0.995	0	0	77.028
0.997	0	0	76.938
0.999	0	0	76.609
1.0025	0	0	73.1
1.0075	0	0	70.842
1.0125	0	0	75.576
1.0175	0	0	75.649
1.0225	0	0	75.871
1.0275	0	0	75.867
1.0325	0	0	75.172
1.0375	0	0	75.109
1.0425	0	0	74.975
1.0475	0	0	73.821
1.0525	0	0	74.159
1.0575	0	0	73.918
1.0625	0	0	73.662
1.0675	0	0	72.031
1.0725	0	0	72.675
1.0775	0	0	72.548
1.0825	0	0	71.856
1.0875	0	0	71.389
1.0925	0	0	64.887
1.0975	0	0	68.944
1.1025	0	0	71.549
1.1075	0	0	71.875
1.1125	0	0	71.426
1.1175	0	0	71.168
1.1225	0	0	71.229
1.1275	0	0	69.817
1.1325	0	0	69.761
1.1375	0	0	70.055
1.1425	0	0	69.294
1.1475	0	0	70.103
1.1525	0	0	69.922
1.1575	0	0	69.489
1.1625	0	0	68.401
1.1675	0	0	67.912
1.1725	0	0	69.01
1.1775	0	0	67.386
1.1825	0	0	67.746
1.1875	0	0	67.067
1.1925	0	0	68.265
1.1975	0	0	66.847
1.2025	0	0	67.306
1.2075	0	0	66.875
1.2125	0	0	66.797
1.2175	0	0	67.02
1.2225	0	0	66.7
1.2275	0	0	66.305
1.2325	0	0	66.171
1.2375	0	0	66.029
1.2425	0	0	65.899
1.2475	0	0	65.696
1.2525	0	0	65.265
1.2575	0	0	64.777
1.2625	0	0	64.762
1.2675	0	0	64.584
1.2725	0	0	64.33
1.2775	0	0	62.752
1.2825	0	0	55.638
1.2875	0	0	62.587
1.2925	0	0	63.329
1.2975	0	0	63.47
1.3025	0	0	63.276
1.3075	0	0	63.265
1.3125	0	0	62.745
1.3175	0	0	62.38
1.3225	0	0	62.636
1.3275	0	0	62.205
1.3325	0	0	62.157
1.3375	0	0	61.904
1.3425	0	0	61.792
1.3475	0	0	61.597
1.3525	0	0	61.242
1.3575	0	0	60.8
1.3625	0	0	60.914
1.3675	0	0	60.583
1.3725	0	0	59.902
1.3775	0	0	60.049
1.3825	0	0	59.929
1.3875	0	0	60.042
1.3925	0	0	59.533
1.3975	0	0	59.419
1.4025	0	0	59.162
1.4075	0	0	59.172
1.4125	0	0	58.679
1.4175	0	0	58.76
1.4225	0	0	58.192
1.4275	0	0	57.81
1.4325	0	0	58.073
1.4375	0	0	58.049
1.4425	0	0	56.315
1.4475	0	0	57.521
1.4525	0	0	56.513
1.457	0	0	56.981
1.462	0	0	56.631
1.4675	0	0	56.669
1.4725	0	0	56.092
1.4775	0	0	55.777
1.4825	0	0	55.819
1.4875	0	0	55.152
1.4925	0	0	55.925
1.4975	0	0	55.429
1.5025	0	0	54.859
1.5075	0	0	54.562
1.5125	0	0	54.988
1.5175	0	0	54.873
1.5225	0	0	54.398
1.5275	0	0	54.367
1.5325	0	0	54.071
1.5375	0	0	53.932
1.5425	0	0	53.292
1.5475	0	0	53.439
1.5525	0	0	53.283
1.5575	0	0	52.549
1.5625	0	0	53.293
1.5675	0	0	52.27
1.5725	0	0	51.677
1.5775	0	0	51.903
1.5825	0	0	52.128
1.5875	0	0	49.343
1.5925	0	0	51.38
1.5975	0	0	51.916
1.605	0	0	51.009
1.615	0	0	49.257
1.625	0	0	51.299
1.635	0	0	49.556
1.645	0	0	47.346
1.655	0	0	50.053
1.665	0	0	49.736
1.675	0	0	47.608
1.685	0	0	45.221
1.695	0	0	48.393
1.705	0	0	47.795
1.715	0	0	47.499
1.725	0	0	46.402
1.735	0	0	42.009
1.745	0	0	44.99
1.755	0	0	45.55
1.765	0	0	45.162
1.775	0	0	44.887
1.785	0	0	44.466
1.795	0	0	44.24
1.805	0	0	43.346
1.815	0	0	39.523
1.825	0	0	41.652
1.835	0	0	42.409
1.845	0	0	42.027
1.855	0	0	41.614
1.865	0	0	40.9
1.875	0	0	36.926
1.885	0	0	40
1.895	0	0	39.683
1.905	0	0	40.057
1.915	0	0	39.639
1.925	0	0	39.225
1.935	0	0	38.402
1.945	0	0	34.865
1.955	0	0	37.825
1.965	0	0	37.886
1.975	0	0	37.525
1.985	0	0	37.364
1.995	0	0	37.046
2.005	0	0	36.804
2.015	0	0	36.569
2.025	0	0	36.135
2.035	0	0	35.711
2.045	0	0	35.656
2.055	0	0	35.32
2.065	0	0	34.912
2.075	0	0	34.689
2.085	0	0	34.421
2.095	0	0	34.063
2.105	0	0	33.86
2.115	0	0	33.499
2.125	0	0	33.227
2.135	0	0	32.99
2.145	0	0	32.769
2.155	0	0	32.231
2.165	0	0	29.341
2.175	0	0	31.433
2.185	0	0	31.616
2.195	0	0	31.579
2.205	0	0	31.172
2.215	0	0	30.978
2.225	0	0	30.832
2.235	0	0	30.59
2.245	0	0	30.36
2.255	0	0	29.96
2.265	0	0	29.821
2.275	0	0	29.646
2.285	0	0	29.371
2.295	0	0	29.153
2.305	0	0	29.024
2.315	0	0	28.763
2.325	0	0	28.592
2.335	0	0	28.346
2.345	0	0	28.177
2.355	0	0	27.963
2.365	0	0	27.782
2.375	0	0	27.485
2.385	0	0	27.306
2.395	0	0	27.153
2.405	0	0	26.931
2.415	0	0	26.71
2.425	0	0	26.556
2.435	0	0	26.314
2.445	0	0	26.165
2.455	0	0	25.894
2.465	0	0	25.785
2.475	0	0	25.561
2.485	0	0	25.331
2.495	0	0	25.129
2.505	0	0	25.095
2.515	0	0	24.918
2.525	0	0	24.603
2.535	0	0	24.566
2.545	0	0	24.392
2.555	0	0	24.158
2.565	0	0	23.717
2.575	0	0	23.893
2.585	0	0	23.661
2.595	0	0	23.611
2.605	0	0	23.294
2.615	0	0	22.638
2.625	0	0	21.28
2.635	0	0	22.677
2.645	0	0	22.762
2.655	0	0	22.65
2.665	0	0	22.328
2.675	0	0	21.612
2.685	0	0	22.154
2.695	0	0	22.148
2.705	0	0	22.028
2.715	0	0	21.905
2.725	0	0	21.757
2.735	0	0	21.595
2.745	0	0	21.387
2.755	0	0	20.394
2.765	0	0	20.765
2.775	0	0	20.991
2.785	0	0	20.927
2.795	0	0	20.817
2.805	0	0	20.682
2.815	0	0	20.555
2.825	0	0	20.413
2.835	0	0	20.301
2.845	0	0	20.13
2.855	0	0	19.977
2.865	0	0	19.593
2.875	0	0	18.663
2.885	0	0	19.509
2.895	0	0	19.505
2.905	0	0	19.418
2.915	0	0	19.268
2.925	0	0	19.151
2.935	0	0	19.067
2.945	0	0	18.932
2.955	0	0	18.831
2.965	0	0	18.726
2.975	0	0	18.607
2.985	0	0	18.497
2.995	0	0	18.372
3.005	0	0	18.257
3.015	0	0	18.139
3.025	0	0	17.955
3.035	0	0	17.05
3.045	0	0	17.317
3.055	0	0	17.651
3.065	0	0	17.598
3.075	0	0	17.516
3.085	0	0	17.379
3.095	0	0	17.292
3.105	0	0	17.203
3.115	0	0	17.031
3.125	0	0	16.992
3.135	0	0	16.896
3.145	0	0	16.798
3.155	0	0	16.697
3.165	0	0	16.622
3.175	0	0	16.504
3.185	0	0	16.439
3.195	0	0	16.344
3.21	0	0	16.197
3.23	0	0	16.023
3.25	0	0	15.841
3.27	0	0	15.65
3.29	0	0	14.874
3.31	0	0	15.144
3.33	0	0	15.093
3.35	0	0	14.96
3.37	0	0	14.769
3.39	0	0	14.613
3.41	0	0	14.455
3.43	0	0	14.327
3.45	0	0	14.201
3.47	0	0	14.043
3.49	0	0	13.901
3.51	0	0	13.758
3.53	0	0	13.609
3.55	0	0	13.473
3.57	0	0	13.325
3.59	0	0	13.192
3.61	0	0	13.062
3.63	0	0	12.936
3.65	0	0	12.78
3.67	0	0	12.658
3.69	0	0	12.481
3.71	0	0	12.372
3.73	0	0	12.071
3.75	0	0	11.81
3.77	0	0	12.029
3.79	0	0	11.932
3.81	0	0	11.788
3.83	0	0	11.694
3.85	0	0	11.621
3.87	0	0	11.492
3.89	0	0	11.366
3.91	0	0	11.211
3.93	0	0	11.182
3.95	0	0	11.071
3.97	0	0	10.98
3.99	0	0	10.837
4.01	0	0	10.693
4.03	0	0	10.584
4.05	0	0	10.238
4.07	0	0	10.452
4.09	0	0	10.374
4.11	0	0	10.3
4.13	0	0	10.211
4.15	0	0	10.09
4.17	0	0	9.859
4.19	0	0	9.9123
4.21	0	0	9.8201
4.23	0	0	9.7696
4.25	0	0	9.6766
4.27	0	0	9.5982
4.29	0	0	9.5146
4.31	0	0	9.4307
4.33	0	0	9.3413
4.35	0	0	9.257
4.37	0	0	9.0029
4.39	0	0	9.0534
4.41	0	0	9.0119
4.43	0	0	8.9494
4.45	0	0	8.8764
4.47	0	0	8.8093
4.49	0	0	8.7371
4.51	0	0	8.6654
4.53	0	0	8.5943
4.55	0	0	8.5237
4.57	0	0	8.448
4.59	0	0	8.3788
4.61	0	0	8.3162
4.63	0	0	8.2337
4.65	0	0	7.8996
4.67	0	0	7.892
4.69	0	0	8.0209
4.71	0	0	7.9847
4.73	0	0	7.9284
4.75	0	0	7.8608
4.77	0	0	7.8008
4.79	0	0	7.7421
4.81	0	0	7.6784
4.83	0	0	7.6225
4.85	0	0	7.5616
4.87	0	0	7.5023
4.89	0	0	7.4445
4.91	0	0	7.385
4.93	0	0	7.3305
4.95	0	0	7.2744
4.97	0	0	7.2201
4.99	0	0	7.1677
5.01	0	0	7.1103
5.03	0	0	7.0582
5.05	0	0	7.0082
5.07	0	0	6.9568
5.09	0	0	6.9003
5.11	0	0	6.8277
5.13	0	0	6.6145
5.15	0	0	6.7398
5.17	0	0	6.6995
5.19	0	0	6.6541
5.21	0	0	6.6037
5.23	0	0	6.5558
5.25	0	0	6.5103
5.27	0	0	6.4598
5.29	0	0	6.4195
5.31	0	0	6.3742
5.33	0	0	6.3276
5.35	0	0	6.2838
5.37	0	0	6.2267
5.39	0	0	6.1885
5.41	0	0	6.1532
5.43	0	0	6.1046
5.45	0	0	6.0672
5.47	0	0	6.0204
5.49	0	0	5.9808
5.51	0	0	5.9401
5.53	0	0	5.8857
5.55	0	0	5.8599
5.57	0	0	5.8203
5.59	0	0	5.7711
5.61	0	0	5.7425
5.63	0	0	5.7043
5.65	0	0	5.6695
5.67	0	0	5.6294
5.69	0	0	5.5883
5.71	0	0	5.528
5.73	0	0	5.5167
5.75	0	0	5.4818
5.77	0	0	5.446
5.79	0	0	5.4093
5.81	0	0	5.3718
5.83	0	0	5.338
5.85	0	0	5.3082
5.87	0	0	5.268
5.89	0	0	5.2172
5.91	0	0	5.0587
5.93	0	0	5.1565
5.95	0	0	5.0881
5.97	0	0	5.0877
5.99	0	0	5.072
6.01	0	0	5.0357
6.03	0	0	5.0087
6.05	0	0	4.9775
6.07	0	0	4.9449
6.09	0	0	4.9122
6.11	0	0	4.8771
6.13	0	0	4.8532
6.15	0	0	4.824
6.17	0	0	4.7936
6.19	0	0	4.7636
6.21	0	0	4.7355
6.23	0	0	4.6997
6.25	0	0	4.6757
6.27	0	0	4.6418
6.29	0	0	4.5616
6.31	0	0	4.5779
6.33	0	0	4.5647
6.35	0	0	4.5371
6.37	0	0	4.5099
6.39	0	0	4.4827
6.42	0	0	4.4436
6.46	0	0	4.3896
6.5	0	0	4.3374
6.54	0	0	4.2894
6.58	0	0	4.2392
6.62	0	0	4.1899
6.66	0	0	4.1421
6.7	0	0	4.0941
6.74	0	0	4.0448
6.78	0	0	3.9653
6.82	0	0	3.9573
6.86	0	0	3.913
6.9	0	0	3.8695
6.94	0	0	3.8262
6.98	0	0	3.7852
7.02	0	0	3.7425
7.06	0	0	3.7029
7.1	0	0	3.6638
7.14	0	0	3.6238
7.18	0	0	3.585
7.22	0	0	3.5447
7.26	0	0	3.5087
7.3	0	0	3.4735
7.34	0	0	3.4354
7.38	0	0	3.4011
7.42	0	0	3.3639
7.46	0	0	3.2766
7.5	0	0	3.2236
7.54	0	0	3.2588
7.58	0	0	3.2305
7.62	0	0	3.1977
7.66	0	0	3.1654
7.7	0	0	3.1335
7.74	0	0	3.1029
7.78	0	0	3.0687
7.82	0	0	3.0426
7.86	0	0	3.0129
7.9	0	0	2.983
7.94	0	0	2.9537
7.98	0	0	2.9252
8.02	0	0	2.8965
8.06	0	0	2.8696
8.1	0	0	2.8425
8.14	0	0	2.809
8.18	0	0	2.7865
8.22	0	0	2.7632
8.26	0	0	2.7371
8.3	0	0	2.711
8.34	0	0	2.6851
8.38	0	0	2.6602
8.42	0	0	2.6364
8.46	0	0	2.6128
8.5	0	0	2.5894
8.54	0	0	2.5663
8.58	0	0	2.5433
8.62	0	0	2.5197
8.66	0	0	2.4879
8.7	0	0	2.4752
8.74	0	0	2.4376
8.78	0	0	2.416
8.82	0	0	2.41
8.86	0	0	2.3894
8.9	0	0	2.3681
8.94	0	0	2.3484
8.98	0	0	2.3269
9.02	0	0	2.3081
9.06	0	0	2.2888
9.1	0	0	2.2688
9.14	0	0	2.2493
9.18	0	0	2.2304
9.22	0	0	2.2121
9.26	0	0	2.1933
9.3	0	0	2.175
9.34	0	0	2.1574
9.38	0	0	2.1271
9.42	0	0	2.1194
9.46	0	0	2.1039
9.5	0	0	2.0866
9.54	0	0	2.0701
9.58	0	0	2.0531
9.62	0	0	2.0369
9.66	0	0	2.0201
9.7	0	0	2.0042
9.74	0	0	1.9879
9.78	0	0	1.9724
9.82	0	0	1.9564
9.86	0	0	1.9413
9.9	0	0	1.9258
9.94	0	0	1.9112
9.98	0	0	1.8962
10.02	0	0	1.8821
20	0	0	0.4829
40	0	0	0.12075
60	0	0	0.053289
80	0	0	0.02979
100	0	0	0.018941
120	0	0	0.013087
140	0	0	0.0095694
160	0	0	0.0072945